#UMi
2985
2987
2988
2993
2986
2990
2989
2993 
#stop
#Oct
1996
1974
1976
1987
1977
1974
#stop
#Ori
2058
2067
2096
2057
2069
2065
2062
2058
#stop
2096
2063
2062
#stop
#CMa
442
437
#stop
438
437
452
439
441
#stop
439
440
#stop
#Leo
1672
1658
1663
1665
1661
1659
1679
1658
#stop
1665
1682
1669
1662
#stop
#Vir
3009
3030
3016
3014
3010
#stop
3016
3012
3013
#stop
3012
3013
#stop
3033
3012
3023
#stop
#Lib
1774
1761
1762
1766
1777
#stop
#Sco
2544
2542
2528
2525
2537
#stop
2528
2545
2524
2546
2529
2536
2552
2530
2547
2531
2533
2534
#stop
#Sgr
2690
2684
2712
2682
2680
2692
2686
#stop
2664
2662
2693
2687
2686
2681
2675
#stop
2676
2675
2667
2668
2669
#stop
2667
2671
#stop
2687
2683
2665
2715
2679
#stop
#Cap
542
543
559
554
573
567
545
548
549
563
#stop
#Sge
2651
2648
#stop
2647
2648
2646
#stop
#Del
1103
1101
1100
1106
1102
1101
#stop
#Cyg
1018
1025
1019
#stop
1045
1023
1025
1022
1027
1028
#stop
#Aql
87
86
92
#stop
86
89
95
#stop
107
89
110
#stop
#Lyr
1871
1888
1874
1880
1872
1888
#stop
#Boo
404
402
384
378
400
385
379
381
383
406
#stop
#UMa
2908
2929
2907
2906
2909
2904
2903
2906
#stop
2903
2940
2921
2919
2916
2939
2926
2925
2920
2905
2909
#stop
2912
2920
2913
#stop
2910
2925
2911
#stop
#CrB
976
958
957
963
959
960
964
#stop
#Crv
1010
1012
1014
1011
1010
#stop
#CMi
468
469
#stop
#Gem
1317
1319
1338
1322
1337
#stop
1316
1334
1320
1326
1321
1339
#stop
1325
1319
1334
1335
#stop
#Cnc
817
820
825
#stop
820
818
#stop
#CVn
482
483
#stop
#Per
2249
2250
2245
2247
2248
2265
2266
2257
#stop
2245
2246
#stop
#Cas
599
598
604
601
602
#stop
#Aur
341
315
314
318
320
#stop
2728
341
#stop
#Lep
1744
1750
1741
1753
1745
#stop
1744
1742
1746
1743
#stop
1748
1750
1749
#stop
#Her
1434
1415
1426
1414
1434
#stop
1424
1433
1421
1420
1413
1414
#stop
1431
1426
#stop
1425
1430
1429
1415
#stop
1409
1411
1434
#stop
1416
1411
#stop
#Peg
2181
2162
2178
2181
2159
2160
1
2164
2159
#stop
2163
2160
2168
2165
2166
#stop
#And
1
4
2
7
#stop
2
12
13
#stop
#LMi
1639
1612
1621
1616
#stop
#Lyn
1835
1862
1852
1849
#stop
#Tau
2728
2733
2727
2756
#stop
2735
2739
2777
2755
#stop
2733
2773
#stop
#Cep
682
686
687
683
681
682
687
#stop
#Dra
1159
1146
1134
1139
1159
1136
1137
1156
1135
1160
1138
1157
1140
1133
1141
#stop
#Hya
1519
1518
1534
1520
1533
1541
1537
1522
1514
1538
1539
1524
1525
1565
1540
1515
1521
1531
1575
#stop
#Crt
985
992
986
983
984
991
#stop
986
982
#stop
983
981
#stop
#Mon
1926
1921
1924
1920
1927
#stop
1924
1940
1925
#stop
#Psc
2371
2373
2372
2370
2396
2387
2371
2376
2367
2368
2374
2375
2389
2364
2377
2369
2366
2378
2388
2386
#stop
#Cet
722
728
741
727
726
716
722
719
729
742
738
721
723
717
721
#stop
742
737
739
#stop
#Eri
1216
1227
1225
1226
1228
1221
1231
1218
1219
1251
1235
1220
1236
1237
1238
1239
1240
1241
1243
1244
1247
#stop
1248
1270
#stop
1249
1245
1222
1223
1230
1217
1215
#stop
#Cam
516
509
508
510
#stop
508
536
#stop
#Tri
2872
2873
2876
2872
#stop
#Ari
259
255
254
299
#stop
#Lac
1643
1642
1647
1648
1644
#stop
#Com
904
905
906
#stop
#Pup
2461
2464
2465
2460
2462
2465
#stop
2462
2458
2463
2462
#stop
#Ser
2579
2581
2580
#stop
2590
2581
2573
2576
2572
2577
2583
#stop
2578
2600
#stop
#Oph
2008
2000
2001
2006
2011
#stop
2001
2019
2009
2004
2023
2025
2005
2022
#stop
2004
2003
#stop
2025
2015
2012
#stop
2003
2583
#stop
2005
2602
2011
2578
#stop
#Sex
2625
2629
2626
#stop
#Pyx
2486
2485
2490
2487
2491
2493
#stop
#Ant
67
65
69
#stop
#Aqr
153
176
154
148
149
159
152
#stop
176
164
#stop
154
172
155
#stop
172
157
171
151
225
230
161
#stop
#Equ
1210
1208
1207
1206
1209
#stop
#Vul
3109
3110
#stop
3122
3130
3138
#stop
#Sct
2566
2565
2570
#stop
#CrA
946
950
943
944
945
956
955
#stop
#Lup
1805
1818
1822
1804
1807
1808
1806
1810
1832
1802
1803
1805
#stop
#Scl
2506
2507
2511
2508
#stop
#Col
889
892
888
887
890
#stop
888
891
#stop
#For
1288
1289
1306
#stop
#Cae
505
503
502
504
#stop
#Nor
1965
1963
1961
1962
1965
#stop
#Ara
244
253
240
239
252
#stop
253
242
#stop
245
241
#stop
#Tel
2852
2849
2854
2860
2856
2861
2849
#stop
#Cru
993
1000
#stop
995
996
#stop
#Cen
649
651
654
675
655
670
657
656
668
653
665
659
#stop
654
656
#stop
#Vel
3006
3007
3004
3001
3003
3005
3008
#stop
3004
3005
#stop
#Car
588
590
591
593
595
594
589
596
593
#stop
#Pic
2328
2333
2329
#stop
#Dor
1125
1119
1120
1121
#stop
#Ret
2495
2496
2497
2498
2495
#stop
#Hor
1504
1507
1513
1511
1505
#stop
#Phe
2304
2312
2305
2310
2307
2327
2305
#stop
2312
2308
#stop
#Tuc
2886
2893
2887
2902
2891
2890
2886
#stop
#Gru
1389
1392
1393
#stop
1394
1385
1383
#stop
1386
1384
1387
1408
#stop
#Mic
1909
1914
1912
1917
1915
#stop
#Ind
1596
1610
1598
#stop
1610
1597
#stop
#Hyi
1578
1579
1583
1578
#stop
#Vol
3097
3098
3099
3103
3108
3100
3098
#stop
#Cha
794
800
795
797
807
#stop
#Mus
1949
1950
1953
1948
1951
#stop
#Cir
810
809
814
#stop
#TrA
2862
2867
2863
2862
#stop
#Aps
74
80
75
76
#stop
#PsA
2344
2342
2345
2348
2350
2343
2347
#stop    
